intrinsic:
2.70956071e+03 0.0 3.72218020e+0 
0.0 2.28511304e+03 -1.93796146e+02 
0.0 0.0 1.0 
distortion:
0.17310676 -0.1076984 0.03910242 -0.07432789 -0.07898735